Num Test Samples: 500
Train Samples: 25
Num Classes = 10
╒════════════════════════════════╤═══════════╤════════════════╤═════════╤═════════════╤══════════════╤═════════╤════════════════════════════════════════════════════╕
│ name                           │ class     │ transform      │ prior   │ trainable   │ shape        │ dtype   │ value                                              │
╞════════════════════════════════╪═══════════╪════════════════╪═════════╪═════════════╪══════════════╪═════════╪════════════════════════════════════════════════════╡
│ VGP.kernel.variance            │ Parameter │ Softplus       │         │ True        │ ()           │ float64 │ 1.0                                                │
├────────────────────────────────┼───────────┼────────────────┼─────────┼─────────────┼──────────────┼─────────┼────────────────────────────────────────────────────┤
│ VGP.kernel.lengthscales        │ Parameter │ Softplus       │         │ True        │ (784,)       │ float64 │ [1.00000000e-04, 1.00000000e-04, 1.00000000e-04... │
├────────────────────────────────┼───────────┼────────────────┼─────────┼─────────────┼──────────────┼─────────┼────────────────────────────────────────────────────┤
│ VGP.likelihood.invlink.epsilon │ Parameter │ Sigmoid        │ Beta    │ True        │ ()           │ float64 │ 0.0010000000000000005                              │
├────────────────────────────────┼───────────┼────────────────┼─────────┼─────────────┼──────────────┼─────────┼────────────────────────────────────────────────────┤
│ VGP.q_mu                       │ Parameter │ Identity       │         │ True        │ (25, 10)     │ float64 │ [[0., 0., 0....                                    │
├────────────────────────────────┼───────────┼────────────────┼─────────┼─────────────┼──────────────┼─────────┼────────────────────────────────────────────────────┤
│ VGP.q_sqrt                     │ Parameter │ FillTriangular │         │ True        │ (10, 25, 25) │ float64 │ [[[1., 0., 0....                                   │
╘════════════════════════════════╧═══════════╧════════════════╧═════════╧═════════════╧══════════════╧═════════╧════════════════════════════════════════════════════╛
╒════════════════════════════════╤═══════════╤════════════════╤═════════╤═════════════╤══════════════╤═════════╤═════════════════════════════════════════════════════════╕
│ name                           │ class     │ transform      │ prior   │ trainable   │ shape        │ dtype   │ value                                                   │
╞════════════════════════════════╪═══════════╪════════════════╪═════════╪═════════════╪══════════════╪═════════╪═════════════════════════════════════════════════════════╡
│ VGP.kernel.variance            │ Parameter │ Softplus       │         │ True        │ ()           │ float64 │ 0.9999999999999996                                      │
├────────────────────────────────┼───────────┼────────────────┼─────────┼─────────────┼──────────────┼─────────┼─────────────────────────────────────────────────────────┤
│ VGP.kernel.lengthscales        │ Parameter │ Softplus       │         │ True        │ (784,)       │ float64 │ [1.00000000e-04, 1.00000000e-04, 1.00000000e-04...      │
├────────────────────────────────┼───────────┼────────────────┼─────────┼─────────────┼──────────────┼─────────┼─────────────────────────────────────────────────────────┤
│ VGP.likelihood.invlink.epsilon │ Parameter │ Sigmoid        │ Beta    │ True        │ ()           │ float64 │ 0.691842741985342                                       │
├────────────────────────────────┼───────────┼────────────────┼─────────┼─────────────┼──────────────┼─────────┼─────────────────────────────────────────────────────────┤
│ VGP.q_mu                       │ Parameter │ Identity       │         │ True        │ (25, 10)     │ float64 │ [[-0.0331207, -0.0331207, -0.0331207...                 │
├────────────────────────────────┼───────────┼────────────────┼─────────┼─────────────┼──────────────┼─────────┼─────────────────────────────────────────────────────────┤
│ VGP.q_sqrt                     │ Parameter │ FillTriangular │         │ True        │ (10, 25, 25) │ float64 │ [[[9.79726313e-001, 0.00000000e+000, 0.00000000e+000... │
╘════════════════════════════════╧═══════════╧════════════════╧═════════╧═════════════╧══════════════╧═════════╧═════════════════════════════════════════════════════════╛
tf.Tensor(
[0 0 0 0 9 7 0 7 3 0 0 7 1 0 0 9 0 0 9 0 0 9 1 7 8 0 7 1 0 1 1 9 3 0 0 0 9
 9 0 8 5 0 1 0 8 7 0 1 8 0 0 1 0 0 3 1 0 1 9 0 6 9 0 6 0 3 1 0 1 5 3 0 1 0
 0 9 9 0 1 0 0 6 0 1 1 1 9 1 9 0 0 1 1 0 0 3 9 0 0 3 0 0 3 0 1 0 1 7 1 0 0
 0 0 0 1 0 0 0 1 0 1 9 0 0 0 0 7 8 0 0 1 0 1 0 9 1 1 0 1 9 0 0 1 0 1 0 3 7
 1 0 8 1 5 0 0 0 6 1 8 0 7 1 1 0 0 0 9 0 0 1 9 1 0 0 3 0 0 1 0 1 6 9 0 1 7
 0 0 0 9 0 0 3 0 0 0 0 1 1 1 0 3 3 7 0 1 0 0 0 0 0 9 0 0 0 0 0 9 0 9 9 1 0
 0 9 1 0 6 0 1 0 0 1 3 3 0 0 1 3 0 1 1 9 9 0 0 1 0 7 9 4 7 0 0 9 0 1 0 1 0
 9 8 0 0 0 7 0 6 0 1 0 0 0 0 9 1 7 0 0 0 3 8 0 0 0 0 3 1 1 9 6 1 0 3 0 1 0
 6 0 0 3 0 9 0 0 3 0 1 7 0 1 0 9 9 1 6 0 6 8 1 3 6 0 0 0 6 5 0 9 9 1 0 0 7
 3 1 0 1 6 0 0 6 0 8 6 0 0 0 9 5 0 0 7 0 0 1 0 7 0 1 3 9 0 6 7 0 1 0 6 0 0
 0 0 0 3 7 0 1 0 9 0 1 0 0 0 9 5 1 0 3 1 0 9 0 0 0 7 0 0 1 1 0 0 9 0 0 1 9
 9 9 0 1 3 0 9 0 1 9 9 1 0 3 9 6 1 8 7 6 0 5 0 0 0 1 9 6 0 1 0 9 0 6 0 0 0
 0 0 0 9 0 0 9 0 1 9 1 6 0 9 1 5 6 1 0 0 0 7 0 1 8 0 0 1 0 1 0 0 0 7 0 0 7
 9 0 3 9 0 9 5 1 5 3 0 9 4 1 9 1 0 6 8], shape=(500,), dtype=int64)
[6. 9. 8. 5. 9. 9. 7. 9. 3. 2. 2. 7. 1. 5. 6. 9. 8. 2. 7. 4. 2. 7. 9. 9.
 5. 4. 7. 1. 5. 5. 8. 9. 0. 5. 2. 6. 7. 9. 5. 8. 0. 5. 1. 9. 8. 4. 5. 1.
 8. 3. 4. 1. 0. 4. 3. 9. 8. 0. 4. 3. 0. 7. 3. 8. 5. 2. 1. 7. 1. 0. 3. 4.
 7. 6. 8. 7. 9. 4. 9. 2. 5. 0. 4. 4. 1. 1. 7. 1. 0. 0. 6. 1. 5. 1. 7. 0.
 7. 6. 9. 2. 6. 8. 3. 2. 4. 0. 8. 9. 1. 2. 6. 0. 7. 9. 4. 2. 0. 2. 8. 4.
 1. 9. 6. 5. 2. 0. 3. 8. 0. 9. 8. 7. 9. 0. 4. 4. 1. 0. 3. 5. 2. 0. 1. 8.
 1. 0. 8. 5. 1. 2. 8. 1. 3. 2. 4. 5. 6. 1. 8. 6. 9. 3. 1. 3. 6. 7. 0. 2.
 0. 1. 9. 1. 4. 5. 3. 7. 7. 1. 6. 1. 6. 4. 7. 1. 7. 2. 0. 9. 9. 4. 3. 8.
 2. 6. 5. 7. 8. 1. 1. 7. 3. 0. 7. 6. 7. 4. 7. 5. 3. 5. 8. 7. 7. 3. 7. 2.
 9. 6. 9. 7. 4. 1. 4. 9. 1. 3. 8. 7. 1. 2. 6. 8. 0. 0. 8. 0. 1. 3. 2. 4.
 7. 7. 4. 2. 2. 1. 3. 4. 9. 9. 8. 0. 8. 7. 8. 8. 2. 3. 2. 7. 8. 6. 8. 8.
 9. 2. 8. 8. 1. 6. 7. 2. 0. 4. 5. 9. 7. 2. 2. 3. 8. 6. 3. 0. 4. 8. 1. 7.
 4. 8. 4. 3. 3. 0. 1. 7. 0. 2. 5. 8. 2. 7. 6. 9. 3. 6. 1. 9. 3. 1. 9. 7.
 4. 2. 0. 7. 6. 8. 1. 3. 0. 5. 3. 6. 5. 8. 9. 9. 4. 1. 3. 8. 9. 8. 4. 0.
 3. 6. 0. 0. 0. 2. 8. 2. 9. 6. 3. 9. 0. 0. 2. 7. 2. 9. 1. 2. 0. 9. 8. 2.
 9. 3. 0. 7. 0. 1. 0. 8. 5. 6. 5. 4. 2. 0. 9. 6. 1. 5. 7. 4. 1. 2. 6. 2.
 9. 0. 6. 5. 5. 5. 2. 9. 2. 7. 6. 7. 6. 6. 4. 1. 6. 5. 4. 8. 0. 9. 9. 9.
 4. 9. 1. 2. 2. 7. 0. 3. 9. 8. 8. 4. 0. 8. 6. 1. 3. 7. 8. 2. 5. 5. 7. 7.
 1. 9. 5. 5. 1. 5. 7. 6. 0. 7. 7. 7. 6. 6. 9. 4. 0. 2. 9. 0. 1. 4. 8. 0.
 6. 9. 8. 0. 6. 1. 3. 6. 0. 4. 6. 1. 8. 6. 0. 1. 3. 9. 6. 6. 6. 9. 5. 8.
 7. 5. 7. 3. 4. 7. 5. 0. 9. 2. 2. 6. 9. 4. 1. 7. 3. 2. 5. 8.]
Classification Accuracy: 0.294
Train Samples: 50
Num Classes = 10
╒════════════════════════════════╤═══════════╤════════════════╤═════════╤═════════════╤══════════════╤═════════╤════════════════════════════════════════════════════╕
│ name                           │ class     │ transform      │ prior   │ trainable   │ shape        │ dtype   │ value                                              │
╞════════════════════════════════╪═══════════╪════════════════╪═════════╪═════════════╪══════════════╪═════════╪════════════════════════════════════════════════════╡
│ VGP.kernel.variance            │ Parameter │ Softplus       │         │ True        │ ()           │ float64 │ 1.0                                                │
├────────────────────────────────┼───────────┼────────────────┼─────────┼─────────────┼──────────────┼─────────┼────────────────────────────────────────────────────┤
│ VGP.kernel.lengthscales        │ Parameter │ Softplus       │         │ True        │ (784,)       │ float64 │ [1.00000000e-04, 1.00000000e-04, 1.00000000e-04... │
├────────────────────────────────┼───────────┼────────────────┼─────────┼─────────────┼──────────────┼─────────┼────────────────────────────────────────────────────┤
│ VGP.likelihood.invlink.epsilon │ Parameter │ Sigmoid        │ Beta    │ True        │ ()           │ float64 │ 0.0010000000000000005                              │
├────────────────────────────────┼───────────┼────────────────┼─────────┼─────────────┼──────────────┼─────────┼────────────────────────────────────────────────────┤
│ VGP.q_mu                       │ Parameter │ Identity       │         │ True        │ (50, 10)     │ float64 │ [[0., 0., 0....                                    │
├────────────────────────────────┼───────────┼────────────────┼─────────┼─────────────┼──────────────┼─────────┼────────────────────────────────────────────────────┤
│ VGP.q_sqrt                     │ Parameter │ FillTriangular │         │ True        │ (10, 50, 50) │ float64 │ [[[1., 0., 0....                                   │
╘════════════════════════════════╧═══════════╧════════════════╧═════════╧═════════════╧══════════════╧═════════╧════════════════════════════════════════════════════╛
╒════════════════════════════════╤═══════════╤════════════════╤═════════╤═════════════╤══════════════╤═════════╤═════════════════════════════════════════════════════════╕
│ name                           │ class     │ transform      │ prior   │ trainable   │ shape        │ dtype   │ value                                                   │
╞════════════════════════════════╪═══════════╪════════════════╪═════════╪═════════════╪══════════════╪═════════╪═════════════════════════════════════════════════════════╡
│ VGP.kernel.variance            │ Parameter │ Softplus       │         │ True        │ ()           │ float64 │ 1.0000000000000007                                      │
├────────────────────────────────┼───────────┼────────────────┼─────────┼─────────────┼──────────────┼─────────┼─────────────────────────────────────────────────────────┤
│ VGP.kernel.lengthscales        │ Parameter │ Softplus       │         │ True        │ (784,)       │ float64 │ [1.00000000e-04, 1.00000000e-04, 1.00000000e-04...      │
├────────────────────────────────┼───────────┼────────────────┼─────────┼─────────────┼──────────────┼─────────┼─────────────────────────────────────────────────────────┤
│ VGP.likelihood.invlink.epsilon │ Parameter │ Sigmoid        │ Beta    │ True        │ ()           │ float64 │ 0.7831916787810284                                      │
├────────────────────────────────┼───────────┼────────────────┼─────────┼─────────────┼──────────────┼─────────┼─────────────────────────────────────────────────────────┤
│ VGP.q_mu                       │ Parameter │ Identity       │         │ True        │ (50, 10)     │ float64 │ [[0.17521273, -0.01946808, -0.01946808...               │
├────────────────────────────────┼───────────┼────────────────┼─────────┼─────────────┼──────────────┼─────────┼─────────────────────────────────────────────────────────┤
│ VGP.q_sqrt                     │ Parameter │ FillTriangular │         │ True        │ (10, 50, 50) │ float64 │ [[[1.08311478e+000, 0.00000000e+000, 0.00000000e+000... │
╘════════════════════════════════╧═══════════╧════════════════╧═════════╧═════════════╧══════════════╧═════════╧═════════════════════════════════════════════════════════╛
tf.Tensor(
[0 0 0 5 9 9 7 9 8 6 0 7 6 5 0 9 0 6 0 0 0 7 9 9 5 0 9 1 0 1 8 9 0 0 1 0 7
 9 8 8 0 0 1 0 9 4 9 1 3 3 0 1 0 0 8 1 0 0 1 0 0 7 3 6 0 0 6 0 1 0 1 0 1 0
 0 7 7 0 1 0 0 0 0 4 1 1 7 1 5 0 6 1 1 0 7 0 9 0 0 0 0 0 3 3 4 0 1 0 1 4 0
 0 7 0 1 3 0 2 8 6 1 0 6 1 0 5 0 9 0 0 1 0 9 0 1 1 1 0 5 5 0 0 1 0 1 0 8 9
 1 3 8 1 1 0 6 1 6 1 5 0 9 1 1 0 0 9 5 0 8 1 9 1 0 0 1 0 7 1 0 1 0 6 7 1 9
 8 0 0 9 4 0 8 3 0 8 7 1 1 6 0 1 0 0 0 9 4 0 0 0 5 9 0 9 0 0 0 5 0 8 9 4 0
 9 7 1 0 8 0 1 0 0 1 0 0 1 9 1 9 3 1 1 7 5 1 0 1 3 9 9 9 9 0 0 9 0 8 0 1 0
 9 5 0 4 0 9 2 8 8 1 0 7 0 0 4 5 9 9 0 0 3 3 6 3 0 0 0 1 1 4 1 9 0 3 0 6 0
 5 0 5 1 0 9 0 0 5 0 6 0 3 6 9 7 4 1 0 0 6 8 1 3 8 3 8 6 1 0 0 9 4 1 1 8 9
 3 4 0 1 1 0 3 8 3 8 3 9 1 3 9 0 0 9 0 3 0 6 0 0 7 8 1 9 3 8 0 0 1 0 1 0 0
 0 0 3 8 0 0 1 5 7 4 1 0 0 3 9 0 1 0 5 1 0 9 3 0 0 9 0 0 4 6 6 0 4 0 0 1 9
 0 9 9 1 0 3 7 0 9 9 8 8 4 0 3 1 6 8 9 0 0 5 0 0 7 6 0 8 0 1 1 9 0 1 7 0 7
 0 4 0 4 1 8 4 0 1 1 9 8 6 9 1 0 6 1 9 0 0 4 0 1 8 0 0 1 1 1 0 0 0 9 0 3 0
 1 0 1 9 0 3 0 9 0 1 0 9 4 6 7 1 0 8 0], shape=(500,), dtype=int64)
[6. 9. 8. 5. 9. 9. 7. 9. 3. 2. 2. 7. 1. 5. 6. 9. 8. 2. 7. 4. 2. 7. 9. 9.
 5. 4. 7. 1. 5. 5. 8. 9. 0. 5. 2. 6. 7. 9. 5. 8. 0. 5. 1. 9. 8. 4. 5. 1.
 8. 3. 4. 1. 0. 4. 3. 9. 8. 0. 4. 3. 0. 7. 3. 8. 5. 2. 1. 7. 1. 0. 3. 4.
 7. 6. 8. 7. 9. 4. 9. 2. 5. 0. 4. 4. 1. 1. 7. 1. 0. 0. 6. 1. 5. 1. 7. 0.
 7. 6. 9. 2. 6. 8. 3. 2. 4. 0. 8. 9. 1. 2. 6. 0. 7. 9. 4. 2. 0. 2. 8. 4.
 1. 9. 6. 5. 2. 0. 3. 8. 0. 9. 8. 7. 9. 0. 4. 4. 1. 0. 3. 5. 2. 0. 1. 8.
 1. 0. 8. 5. 1. 2. 8. 1. 3. 2. 4. 5. 6. 1. 8. 6. 9. 3. 1. 3. 6. 7. 0. 2.
 0. 1. 9. 1. 4. 5. 3. 7. 7. 1. 6. 1. 6. 4. 7. 1. 7. 2. 0. 9. 9. 4. 3. 8.
 2. 6. 5. 7. 8. 1. 1. 7. 3. 0. 7. 6. 7. 4. 7. 5. 3. 5. 8. 7. 7. 3. 7. 2.
 9. 6. 9. 7. 4. 1. 4. 9. 1. 3. 8. 7. 1. 2. 6. 8. 0. 0. 8. 0. 1. 3. 2. 4.
 7. 7. 4. 2. 2. 1. 3. 4. 9. 9. 8. 0. 8. 7. 8. 8. 2. 3. 2. 7. 8. 6. 8. 8.
 9. 2. 8. 8. 1. 6. 7. 2. 0. 4. 5. 9. 7. 2. 2. 3. 8. 6. 3. 0. 4. 8. 1. 7.
 4. 8. 4. 3. 3. 0. 1. 7. 0. 2. 5. 8. 2. 7. 6. 9. 3. 6. 1. 9. 3. 1. 9. 7.
 4. 2. 0. 7. 6. 8. 1. 3. 0. 5. 3. 6. 5. 8. 9. 9. 4. 1. 3. 8. 9. 8. 4. 0.
 3. 6. 0. 0. 0. 2. 8. 2. 9. 6. 3. 9. 0. 0. 2. 7. 2. 9. 1. 2. 0. 9. 8. 2.
 9. 3. 0. 7. 0. 1. 0. 8. 5. 6. 5. 4. 2. 0. 9. 6. 1. 5. 7. 4. 1. 2. 6. 2.
 9. 0. 6. 5. 5. 5. 2. 9. 2. 7. 6. 7. 6. 6. 4. 1. 6. 5. 4. 8. 0. 9. 9. 9.
 4. 9. 1. 2. 2. 7. 0. 3. 9. 8. 8. 4. 0. 8. 6. 1. 3. 7. 8. 2. 5. 5. 7. 7.
 1. 9. 5. 5. 1. 5. 7. 6. 0. 7. 7. 7. 6. 6. 9. 4. 0. 2. 9. 0. 1. 4. 8. 0.
 6. 9. 8. 0. 6. 1. 3. 6. 0. 4. 6. 1. 8. 6. 0. 1. 3. 9. 6. 6. 6. 9. 5. 8.
 7. 5. 7. 3. 4. 7. 5. 0. 9. 2. 2. 6. 9. 4. 1. 7. 3. 2. 5. 8.]
Classification Accuracy: 0.404
Train Samples: 100
Num Classes = 10
╒════════════════════════════════╤═══════════╤════════════════╤═════════╤═════════════╤════════════════╤═════════╤════════════════════════════════════════════════════╕
│ name                           │ class     │ transform      │ prior   │ trainable   │ shape          │ dtype   │ value                                              │
╞════════════════════════════════╪═══════════╪════════════════╪═════════╪═════════════╪════════════════╪═════════╪════════════════════════════════════════════════════╡
│ VGP.kernel.variance            │ Parameter │ Softplus       │         │ True        │ ()             │ float64 │ 1.0                                                │
├────────────────────────────────┼───────────┼────────────────┼─────────┼─────────────┼────────────────┼─────────┼────────────────────────────────────────────────────┤
│ VGP.kernel.lengthscales        │ Parameter │ Softplus       │         │ True        │ (784,)         │ float64 │ [1.00000000e-04, 1.00000000e-04, 1.00000000e-04... │
├────────────────────────────────┼───────────┼────────────────┼─────────┼─────────────┼────────────────┼─────────┼────────────────────────────────────────────────────┤
│ VGP.likelihood.invlink.epsilon │ Parameter │ Sigmoid        │ Beta    │ True        │ ()             │ float64 │ 0.0010000000000000005                              │
├────────────────────────────────┼───────────┼────────────────┼─────────┼─────────────┼────────────────┼─────────┼────────────────────────────────────────────────────┤
│ VGP.q_mu                       │ Parameter │ Identity       │         │ True        │ (100, 10)      │ float64 │ [[0., 0., 0....                                    │
├────────────────────────────────┼───────────┼────────────────┼─────────┼─────────────┼────────────────┼─────────┼────────────────────────────────────────────────────┤
│ VGP.q_sqrt                     │ Parameter │ FillTriangular │         │ True        │ (10, 100, 100) │ float64 │ [[[1., 0., 0....                                   │
╘════════════════════════════════╧═══════════╧════════════════╧═════════╧═════════════╧════════════════╧═════════╧════════════════════════════════════════════════════╛
╒════════════════════════════════╤═══════════╤════════════════╤═════════╤═════════════╤════════════════╤═════════╤═════════════════════════════════════════════════════════╕
│ name                           │ class     │ transform      │ prior   │ trainable   │ shape          │ dtype   │ value                                                   │
╞════════════════════════════════╪═══════════╪════════════════╪═════════╪═════════════╪════════════════╪═════════╪═════════════════════════════════════════════════════════╡
│ VGP.kernel.variance            │ Parameter │ Softplus       │         │ True        │ ()             │ float64 │ 1.0000000000000002                                      │
├────────────────────────────────┼───────────┼────────────────┼─────────┼─────────────┼────────────────┼─────────┼─────────────────────────────────────────────────────────┤
│ VGP.kernel.lengthscales        │ Parameter │ Softplus       │         │ True        │ (784,)         │ float64 │ [1.00000000e-04, 1.00000000e-04, 1.00000000e-04...      │
├────────────────────────────────┼───────────┼────────────────┼─────────┼─────────────┼────────────────┼─────────┼─────────────────────────────────────────────────────────┤
│ VGP.likelihood.invlink.epsilon │ Parameter │ Sigmoid        │ Beta    │ True        │ ()             │ float64 │ 0.836987149597222                                       │
├────────────────────────────────┼───────────┼────────────────┼─────────┼─────────────┼────────────────┼─────────┼─────────────────────────────────────────────────────────┤
│ VGP.q_mu                       │ Parameter │ Identity       │         │ True        │ (100, 10)      │ float64 │ [[-0.01100122, -0.01100122, -0.01100122...              │
├────────────────────────────────┼───────────┼────────────────┼─────────┼─────────────┼────────────────┼─────────┼─────────────────────────────────────────────────────────┤
│ VGP.q_sqrt                     │ Parameter │ FillTriangular │         │ True        │ (10, 100, 100) │ float64 │ [[[9.93613077e-001, 0.00000000e+000, 0.00000000e+000... │
╘════════════════════════════════╧═══════════╧════════════════╧═════════╧═════════════╧════════════════╧═════════╧═════════════════════════════════════════════════════════╛
tf.Tensor(
[0 9 0 5 9 9 7 9 3 0 2 7 1 8 0 9 8 2 7 0 0 7 4 7 5 0 9 1 0 0 1 4 6 0 0 6 7
 4 0 3 0 0 1 7 5 4 5 1 5 3 4 1 0 4 3 1 0 0 9 0 0 7 3 5 0 2 1 7 1 0 1 0 1 0
 0 7 9 1 1 0 0 6 0 9 1 1 7 1 0 0 5 1 6 0 7 6 9 0 7 2 6 0 3 2 1 0 3 7 1 0 0
 0 7 9 4 2 0 0 9 9 1 4 0 0 0 0 0 9 0 4 2 0 9 0 9 1 1 0 5 5 0 0 1 0 1 0 8 7
 1 8 0 1 5 0 4 5 5 1 8 0 7 3 1 0 6 7 0 0 0 1 9 1 0 0 3 7 0 1 0 1 6 9 0 1 9
 0 0 7 9 4 0 8 2 6 3 0 1 1 1 0 3 0 0 6 1 0 9 0 0 5 5 0 7 0 0 0 9 0 0 7 4 0
 4 9 1 0 3 7 1 0 6 1 0 0 1 0 1 5 2 1 1 7 9 2 0 1 1 9 4 9 9 0 5 7 0 4 0 1 1
 1 5 0 2 5 9 0 1 5 1 6 7 0 6 7 1 9 9 2 0 3 8 5 8 0 8 3 1 2 4 5 9 0 3 6 1 0
 0 2 5 1 0 9 0 0 8 0 1 9 3 1 0 7 4 1 0 0 6 3 1 5 0 5 8 6 5 0 9 9 9 1 3 8 9
 8 1 0 3 5 8 1 5 2 5 2 9 4 3 9 0 0 2 7 2 0 1 0 5 0 1 2 9 0 5 7 0 1 0 8 0 6
 0 0 0 0 7 6 1 5 0 1 1 0 0 0 9 0 1 0 3 8 0 9 2 9 6 9 6 6 4 1 6 0 9 6 0 4 1
 7 4 9 1 2 0 0 0 5 4 9 8 5 0 5 6 1 3 7 8 0 0 8 7 7 1 9 5 0 1 5 7 6 4 0 0 0
 0 0 7 9 0 1 9 0 1 9 8 0 0 9 1 0 6 1 7 5 0 9 6 1 5 6 0 1 3 1 4 6 0 9 5 8 7
 5 0 1 9 0 5 0 4 2 2 0 9 9 1 7 1 2 0 8], shape=(500,), dtype=int64)
[6. 9. 8. 5. 9. 9. 7. 9. 3. 2. 2. 7. 1. 5. 6. 9. 8. 2. 7. 4. 2. 7. 9. 9.
 5. 4. 7. 1. 5. 5. 8. 9. 0. 5. 2. 6. 7. 9. 5. 8. 0. 5. 1. 9. 8. 4. 5. 1.
 8. 3. 4. 1. 0. 4. 3. 9. 8. 0. 4. 3. 0. 7. 3. 8. 5. 2. 1. 7. 1. 0. 3. 4.
 7. 6. 8. 7. 9. 4. 9. 2. 5. 0. 4. 4. 1. 1. 7. 1. 0. 0. 6. 1. 5. 1. 7. 0.
 7. 6. 9. 2. 6. 8. 3. 2. 4. 0. 8. 9. 1. 2. 6. 0. 7. 9. 4. 2. 0. 2. 8. 4.
 1. 9. 6. 5. 2. 0. 3. 8. 0. 9. 8. 7. 9. 0. 4. 4. 1. 0. 3. 5. 2. 0. 1. 8.
 1. 0. 8. 5. 1. 2. 8. 1. 3. 2. 4. 5. 6. 1. 8. 6. 9. 3. 1. 3. 6. 7. 0. 2.
 0. 1. 9. 1. 4. 5. 3. 7. 7. 1. 6. 1. 6. 4. 7. 1. 7. 2. 0. 9. 9. 4. 3. 8.
 2. 6. 5. 7. 8. 1. 1. 7. 3. 0. 7. 6. 7. 4. 7. 5. 3. 5. 8. 7. 7. 3. 7. 2.
 9. 6. 9. 7. 4. 1. 4. 9. 1. 3. 8. 7. 1. 2. 6. 8. 0. 0. 8. 0. 1. 3. 2. 4.
 7. 7. 4. 2. 2. 1. 3. 4. 9. 9. 8. 0. 8. 7. 8. 8. 2. 3. 2. 7. 8. 6. 8. 8.
 9. 2. 8. 8. 1. 6. 7. 2. 0. 4. 5. 9. 7. 2. 2. 3. 8. 6. 3. 0. 4. 8. 1. 7.
 4. 8. 4. 3. 3. 0. 1. 7. 0. 2. 5. 8. 2. 7. 6. 9. 3. 6. 1. 9. 3. 1. 9. 7.
 4. 2. 0. 7. 6. 8. 1. 3. 0. 5. 3. 6. 5. 8. 9. 9. 4. 1. 3. 8. 9. 8. 4. 0.
 3. 6. 0. 0. 0. 2. 8. 2. 9. 6. 3. 9. 0. 0. 2. 7. 2. 9. 1. 2. 0. 9. 8. 2.
 9. 3. 0. 7. 0. 1. 0. 8. 5. 6. 5. 4. 2. 0. 9. 6. 1. 5. 7. 4. 1. 2. 6. 2.
 9. 0. 6. 5. 5. 5. 2. 9. 2. 7. 6. 7. 6. 6. 4. 1. 6. 5. 4. 8. 0. 9. 9. 9.
 4. 9. 1. 2. 2. 7. 0. 3. 9. 8. 8. 4. 0. 8. 6. 1. 3. 7. 8. 2. 5. 5. 7. 7.
 1. 9. 5. 5. 1. 5. 7. 6. 0. 7. 7. 7. 6. 6. 9. 4. 0. 2. 9. 0. 1. 4. 8. 0.
 6. 9. 8. 0. 6. 1. 3. 6. 0. 4. 6. 1. 8. 6. 0. 1. 3. 9. 6. 6. 6. 9. 5. 8.
 7. 5. 7. 3. 4. 7. 5. 0. 9. 2. 2. 6. 9. 4. 1. 7. 3. 2. 5. 8.]
Classification Accuracy: 0.508
Train Samples: 200
Num Classes = 10
╒════════════════════════════════╤═══════════╤════════════════╤═════════╤═════════════╤════════════════╤═════════╤════════════════════════════════════════════════════╕
│ name                           │ class     │ transform      │ prior   │ trainable   │ shape          │ dtype   │ value                                              │
╞════════════════════════════════╪═══════════╪════════════════╪═════════╪═════════════╪════════════════╪═════════╪════════════════════════════════════════════════════╡
│ VGP.kernel.variance            │ Parameter │ Softplus       │         │ True        │ ()             │ float64 │ 1.0                                                │
├────────────────────────────────┼───────────┼────────────────┼─────────┼─────────────┼────────────────┼─────────┼────────────────────────────────────────────────────┤
│ VGP.kernel.lengthscales        │ Parameter │ Softplus       │         │ True        │ (784,)         │ float64 │ [1.00000000e-04, 1.00000000e-04, 1.00000000e-04... │
├────────────────────────────────┼───────────┼────────────────┼─────────┼─────────────┼────────────────┼─────────┼────────────────────────────────────────────────────┤
│ VGP.likelihood.invlink.epsilon │ Parameter │ Sigmoid        │ Beta    │ True        │ ()             │ float64 │ 0.0010000000000000005                              │
├────────────────────────────────┼───────────┼────────────────┼─────────┼─────────────┼────────────────┼─────────┼────────────────────────────────────────────────────┤
│ VGP.q_mu                       │ Parameter │ Identity       │         │ True        │ (200, 10)      │ float64 │ [[0., 0., 0....                                    │
├────────────────────────────────┼───────────┼────────────────┼─────────┼─────────────┼────────────────┼─────────┼────────────────────────────────────────────────────┤
│ VGP.q_sqrt                     │ Parameter │ FillTriangular │         │ True        │ (10, 200, 200) │ float64 │ [[[1., 0., 0....                                   │
╘════════════════════════════════╧═══════════╧════════════════╧═════════╧═════════════╧════════════════╧═════════╧════════════════════════════════════════════════════╛
╒════════════════════════════════╤═══════════╤════════════════╤═════════╤═════════════╤════════════════╤═════════╤═════════════════════════════════════════════════════════╕
│ name                           │ class     │ transform      │ prior   │ trainable   │ shape          │ dtype   │ value                                                   │
╞════════════════════════════════╪═══════════╪════════════════╪═════════╪═════════════╪════════════════╪═════════╪═════════════════════════════════════════════════════════╡
│ VGP.kernel.variance            │ Parameter │ Softplus       │         │ True        │ ()             │ float64 │ 0.9999999999999997                                      │
├────────────────────────────────┼───────────┼────────────────┼─────────┼─────────────┼────────────────┼─────────┼─────────────────────────────────────────────────────────┤
│ VGP.kernel.lengthscales        │ Parameter │ Softplus       │         │ True        │ (784,)         │ float64 │ [1.00000000e-04, 1.00000000e-04, 1.00000000e-04...      │
├────────────────────────────────┼───────────┼────────────────┼─────────┼─────────────┼────────────────┼─────────┼─────────────────────────────────────────────────────────┤
│ VGP.likelihood.invlink.epsilon │ Parameter │ Sigmoid        │ Beta    │ True        │ ()             │ float64 │ 0.8669719986948995                                      │
├────────────────────────────────┼───────────┼────────────────┼─────────┼─────────────┼────────────────┼─────────┼─────────────────────────────────────────────────────────┤
│ VGP.q_mu                       │ Parameter │ Identity       │         │ True        │ (200, 10)      │ float64 │ [[-0.00597061, -0.00597061, -0.00597061...              │
├────────────────────────────────┼───────────┼────────────────┼─────────┼─────────────┼────────────────┼─────────┼─────────────────────────────────────────────────────────┤
│ VGP.q_sqrt                     │ Parameter │ FillTriangular │         │ True        │ (10, 200, 200) │ float64 │ [[[9.96593815e-001, 0.00000000e+000, 0.00000000e+000... │
╘════════════════════════════════╧═══════════╧════════════════╧═════════╧═════════════╧════════════════╧═════════╧═════════════════════════════════════════════════════════╛
tf.Tensor(
[2 0 0 5 9 7 7 9 3 2 0 7 1 5 0 9 8 1 7 0 0 7 1 9 5 4 7 1 5 5 3 4 0 0 1 6 7
 9 3 8 0 5 1 4 8 4 3 1 8 5 7 1 0 0 3 1 0 0 9 0 0 9 8 8 0 2 1 7 1 0 3 0 1 0
 8 9 9 4 9 2 0 0 0 9 1 1 7 1 0 0 6 1 6 0 7 0 7 0 9 2 6 0 3 2 4 0 3 9 1 4 0
 0 7 0 4 2 0 0 7 4 1 0 6 0 2 0 3 9 0 0 8 0 9 0 9 1 1 0 3 3 0 0 1 8 1 0 0 7
 1 1 8 1 3 0 4 1 0 1 8 0 9 3 1 0 6 7 0 0 0 1 9 1 0 5 3 0 0 1 6 1 5 4 3 1 7
 0 0 7 1 4 3 8 2 6 0 0 8 1 1 0 3 0 7 6 7 4 7 5 0 3 8 7 7 3 5 2 9 0 3 9 4 6
 4 9 1 0 8 7 1 0 6 1 0 0 1 0 1 3 2 1 1 7 4 2 0 1 0 4 9 4 9 0 8 7 8 5 2 8 8
 1 5 0 0 5 4 0 8 8 1 6 7 2 0 9 9 9 7 2 0 3 8 6 3 0 0 8 1 1 9 5 4 0 3 0 1 0
 0 4 5 8 2 9 0 0 3 0 1 7 3 1 0 9 4 1 0 3 6 8 1 0 0 6 8 6 3 0 0 9 4 1 5 0 9
 8 9 0 3 8 0 9 0 2 0 2 4 6 3 9 0 0 2 7 2 0 1 0 0 0 8 1 9 3 0 7 0 1 0 8 0 6
 0 0 2 0 7 6 1 8 9 4 1 6 6 2 9 0 1 0 3 3 2 9 3 7 6 7 6 6 4 1 6 0 9 4 0 1 4
 7 4 7 1 0 2 9 0 3 9 9 8 4 0 8 6 1 8 7 8 3 5 9 7 4 1 9 5 5 1 1 7 6 0 7 0 0
 0 0 7 9 0 2 4 0 1 9 8 0 6 9 8 0 6 1 7 0 0 4 6 1 8 6 0 1 3 1 6 6 0 9 5 8 7
 0 7 3 9 0 5 0 1 2 7 8 9 4 1 7 1 4 5 8], shape=(500,), dtype=int64)
[6. 9. 8. 5. 9. 9. 7. 9. 3. 2. 2. 7. 1. 5. 6. 9. 8. 2. 7. 4. 2. 7. 9. 9.
 5. 4. 7. 1. 5. 5. 8. 9. 0. 5. 2. 6. 7. 9. 5. 8. 0. 5. 1. 9. 8. 4. 5. 1.
 8. 3. 4. 1. 0. 4. 3. 9. 8. 0. 4. 3. 0. 7. 3. 8. 5. 2. 1. 7. 1. 0. 3. 4.
 7. 6. 8. 7. 9. 4. 9. 2. 5. 0. 4. 4. 1. 1. 7. 1. 0. 0. 6. 1. 5. 1. 7. 0.
 7. 6. 9. 2. 6. 8. 3. 2. 4. 0. 8. 9. 1. 2. 6. 0. 7. 9. 4. 2. 0. 2. 8. 4.
 1. 9. 6. 5. 2. 0. 3. 8. 0. 9. 8. 7. 9. 0. 4. 4. 1. 0. 3. 5. 2. 0. 1. 8.
 1. 0. 8. 5. 1. 2. 8. 1. 3. 2. 4. 5. 6. 1. 8. 6. 9. 3. 1. 3. 6. 7. 0. 2.
 0. 1. 9. 1. 4. 5. 3. 7. 7. 1. 6. 1. 6. 4. 7. 1. 7. 2. 0. 9. 9. 4. 3. 8.
 2. 6. 5. 7. 8. 1. 1. 7. 3. 0. 7. 6. 7. 4. 7. 5. 3. 5. 8. 7. 7. 3. 7. 2.
 9. 6. 9. 7. 4. 1. 4. 9. 1. 3. 8. 7. 1. 2. 6. 8. 0. 0. 8. 0. 1. 3. 2. 4.
 7. 7. 4. 2. 2. 1. 3. 4. 9. 9. 8. 0. 8. 7. 8. 8. 2. 3. 2. 7. 8. 6. 8. 8.
 9. 2. 8. 8. 1. 6. 7. 2. 0. 4. 5. 9. 7. 2. 2. 3. 8. 6. 3. 0. 4. 8. 1. 7.
 4. 8. 4. 3. 3. 0. 1. 7. 0. 2. 5. 8. 2. 7. 6. 9. 3. 6. 1. 9. 3. 1. 9. 7.
 4. 2. 0. 7. 6. 8. 1. 3. 0. 5. 3. 6. 5. 8. 9. 9. 4. 1. 3. 8. 9. 8. 4. 0.
 3. 6. 0. 0. 0. 2. 8. 2. 9. 6. 3. 9. 0. 0. 2. 7. 2. 9. 1. 2. 0. 9. 8. 2.
 9. 3. 0. 7. 0. 1. 0. 8. 5. 6. 5. 4. 2. 0. 9. 6. 1. 5. 7. 4. 1. 2. 6. 2.
 9. 0. 6. 5. 5. 5. 2. 9. 2. 7. 6. 7. 6. 6. 4. 1. 6. 5. 4. 8. 0. 9. 9. 9.
 4. 9. 1. 2. 2. 7. 0. 3. 9. 8. 8. 4. 0. 8. 6. 1. 3. 7. 8. 2. 5. 5. 7. 7.
 1. 9. 5. 5. 1. 5. 7. 6. 0. 7. 7. 7. 6. 6. 9. 4. 0. 2. 9. 0. 1. 4. 8. 0.
 6. 9. 8. 0. 6. 1. 3. 6. 0. 4. 6. 1. 8. 6. 0. 1. 3. 9. 6. 6. 6. 9. 5. 8.
 7. 5. 7. 3. 4. 7. 5. 0. 9. 2. 2. 6. 9. 4. 1. 7. 3. 2. 5. 8.]
Classification Accuracy: 0.634
Train Samples: 400
Num Classes = 10
╒════════════════════════════════╤═══════════╤════════════════╤═════════╤═════════════╤════════════════╤═════════╤════════════════════════════════════════════════════╕
│ name                           │ class     │ transform      │ prior   │ trainable   │ shape          │ dtype   │ value                                              │
╞════════════════════════════════╪═══════════╪════════════════╪═════════╪═════════════╪════════════════╪═════════╪════════════════════════════════════════════════════╡
│ VGP.kernel.variance            │ Parameter │ Softplus       │         │ True        │ ()             │ float64 │ 1.0                                                │
├────────────────────────────────┼───────────┼────────────────┼─────────┼─────────────┼────────────────┼─────────┼────────────────────────────────────────────────────┤
│ VGP.kernel.lengthscales        │ Parameter │ Softplus       │         │ True        │ (784,)         │ float64 │ [1.00000000e-04, 1.00000000e-04, 1.00000000e-04... │
├────────────────────────────────┼───────────┼────────────────┼─────────┼─────────────┼────────────────┼─────────┼────────────────────────────────────────────────────┤
│ VGP.likelihood.invlink.epsilon │ Parameter │ Sigmoid        │ Beta    │ True        │ ()             │ float64 │ 0.0010000000000000005                              │
├────────────────────────────────┼───────────┼────────────────┼─────────┼─────────────┼────────────────┼─────────┼────────────────────────────────────────────────────┤
│ VGP.q_mu                       │ Parameter │ Identity       │         │ True        │ (400, 10)      │ float64 │ [[0., 0., 0....                                    │
├────────────────────────────────┼───────────┼────────────────┼─────────┼─────────────┼────────────────┼─────────┼────────────────────────────────────────────────────┤
│ VGP.q_sqrt                     │ Parameter │ FillTriangular │         │ True        │ (10, 400, 400) │ float64 │ [[[1., 0., 0....                                   │
╘════════════════════════════════╧═══════════╧════════════════╧═════════╧═════════════╧════════════════╧═════════╧════════════════════════════════════════════════════╛
╒════════════════════════════════╤═══════════╤════════════════╤═════════╤═════════════╤════════════════╤═════════╤═════════════════════════════════════════════════════════╕
│ name                           │ class     │ transform      │ prior   │ trainable   │ shape          │ dtype   │ value                                                   │
╞════════════════════════════════╪═══════════╪════════════════╪═════════╪═════════════╪════════════════╪═════════╪═════════════════════════════════════════════════════════╡
│ VGP.kernel.variance            │ Parameter │ Softplus       │         │ True        │ ()             │ float64 │ 1.000000000000679                                       │
├────────────────────────────────┼───────────┼────────────────┼─────────┼─────────────┼────────────────┼─────────┼─────────────────────────────────────────────────────────┤
│ VGP.kernel.lengthscales        │ Parameter │ Softplus       │         │ True        │ (784,)         │ float64 │ [1.00000000e-04, 1.00000000e-04, 1.00000000e-04...      │
├────────────────────────────────┼───────────┼────────────────┼─────────┼─────────────┼────────────────┼─────────┼─────────────────────────────────────────────────────────┤
│ VGP.likelihood.invlink.epsilon │ Parameter │ Sigmoid        │ Beta    │ True        │ ()             │ float64 │ 0.8830148892022291                                      │
├────────────────────────────────┼───────────┼────────────────┼─────────┼─────────────┼────────────────┼─────────┼─────────────────────────────────────────────────────────┤
│ VGP.q_mu                       │ Parameter │ Identity       │         │ True        │ (400, 10)      │ float64 │ [[0.02826208, -0.00314023, -0.00314023...               │
├────────────────────────────────┼───────────┼────────────────┼─────────┼─────────────┼────────────────┼─────────┼─────────────────────────────────────────────────────────┤
│ VGP.q_sqrt                     │ Parameter │ FillTriangular │         │ True        │ (10, 400, 400) │ float64 │ [[[1.01537282e+000, 0.00000000e+000, 0.00000000e+000... │
╘════════════════════════════════╧═══════════╧════════════════╧═════════╧═════════════╧════════════════╧═════════╧═════════════════════════════════════════════════════════╛
tf.Tensor(
[6 4 0 5 9 9 7 9 3 2 0 7 1 5 0 9 8 1 7 4 2 7 1 9 5 4 9 1 5 1 8 9 0 0 2 6 9
 9 5 8 0 5 1 9 8 4 5 1 5 3 4 1 0 9 3 1 2 0 4 0 0 9 3 8 0 2 1 7 1 0 3 0 1 6
 8 9 9 0 8 2 0 6 4 4 1 1 7 1 0 0 6 1 6 0 7 0 7 0 9 2 6 3 5 3 4 0 3 9 1 2 0
 0 7 9 4 2 0 0 8 4 1 9 6 5 2 0 0 8 0 9 8 0 9 0 4 1 1 4 3 5 2 0 1 0 1 0 8 9
 1 8 8 1 3 2 4 5 6 1 8 6 9 3 1 3 6 7 0 2 0 1 9 1 0 5 3 7 7 1 0 1 6 4 9 1 9
 2 0 9 9 4 0 8 2 6 0 9 8 1 1 0 8 0 0 6 7 4 7 5 0 5 8 0 7 3 7 2 4 6 8 7 4 6
 4 9 1 0 8 7 1 0 6 8 0 0 8 0 1 3 2 1 2 7 4 8 0 1 3 4 9 4 7 0 8 7 8 8 2 3 2
 9 3 0 8 3 9 2 8 3 1 6 7 2 0 9 1 9 7 2 2 3 8 6 5 0 0 8 1 1 4 8 4 0 3 0 1 0
 0 2 8 8 2 7 0 0 5 0 1 9 3 1 0 9 4 1 0 0 6 8 1 3 0 8 3 6 5 0 9 9 4 1 3 3 9
 8 4 0 3 5 0 1 5 2 8 2 9 6 3 9 0 0 4 7 2 0 1 0 0 7 8 2 9 5 0 7 0 1 0 8 5 6
 0 8 2 0 7 6 1 3 9 4 1 6 6 2 9 0 1 0 3 5 2 9 2 7 6 7 6 6 4 1 6 0 4 8 0 7 4
 9 9 9 1 2 2 1 0 3 9 8 8 4 0 5 6 1 3 7 8 2 3 9 7 7 1 7 5 5 1 4 7 6 0 9 0 2
 6 0 9 9 3 8 9 0 1 9 8 0 6 9 1 0 5 1 3 5 0 4 6 1 8 6 0 1 3 7 6 6 0 9 5 8 7
 1 7 3 4 0 5 0 9 2 2 5 9 4 1 7 1 2 8 8], shape=(500,), dtype=int64)
[6. 9. 8. 5. 9. 9. 7. 9. 3. 2. 2. 7. 1. 5. 6. 9. 8. 2. 7. 4. 2. 7. 9. 9.
 5. 4. 7. 1. 5. 5. 8. 9. 0. 5. 2. 6. 7. 9. 5. 8. 0. 5. 1. 9. 8. 4. 5. 1.
 8. 3. 4. 1. 0. 4. 3. 9. 8. 0. 4. 3. 0. 7. 3. 8. 5. 2. 1. 7. 1. 0. 3. 4.
 7. 6. 8. 7. 9. 4. 9. 2. 5. 0. 4. 4. 1. 1. 7. 1. 0. 0. 6. 1. 5. 1. 7. 0.
 7. 6. 9. 2. 6. 8. 3. 2. 4. 0. 8. 9. 1. 2. 6. 0. 7. 9. 4. 2. 0. 2. 8. 4.
 1. 9. 6. 5. 2. 0. 3. 8. 0. 9. 8. 7. 9. 0. 4. 4. 1. 0. 3. 5. 2. 0. 1. 8.
 1. 0. 8. 5. 1. 2. 8. 1. 3. 2. 4. 5. 6. 1. 8. 6. 9. 3. 1. 3. 6. 7. 0. 2.
 0. 1. 9. 1. 4. 5. 3. 7. 7. 1. 6. 1. 6. 4. 7. 1. 7. 2. 0. 9. 9. 4. 3. 8.
 2. 6. 5. 7. 8. 1. 1. 7. 3. 0. 7. 6. 7. 4. 7. 5. 3. 5. 8. 7. 7. 3. 7. 2.
 9. 6. 9. 7. 4. 1. 4. 9. 1. 3. 8. 7. 1. 2. 6. 8. 0. 0. 8. 0. 1. 3. 2. 4.
 7. 7. 4. 2. 2. 1. 3. 4. 9. 9. 8. 0. 8. 7. 8. 8. 2. 3. 2. 7. 8. 6. 8. 8.
 9. 2. 8. 8. 1. 6. 7. 2. 0. 4. 5. 9. 7. 2. 2. 3. 8. 6. 3. 0. 4. 8. 1. 7.
 4. 8. 4. 3. 3. 0. 1. 7. 0. 2. 5. 8. 2. 7. 6. 9. 3. 6. 1. 9. 3. 1. 9. 7.
 4. 2. 0. 7. 6. 8. 1. 3. 0. 5. 3. 6. 5. 8. 9. 9. 4. 1. 3. 8. 9. 8. 4. 0.
 3. 6. 0. 0. 0. 2. 8. 2. 9. 6. 3. 9. 0. 0. 2. 7. 2. 9. 1. 2. 0. 9. 8. 2.
 9. 3. 0. 7. 0. 1. 0. 8. 5. 6. 5. 4. 2. 0. 9. 6. 1. 5. 7. 4. 1. 2. 6. 2.
 9. 0. 6. 5. 5. 5. 2. 9. 2. 7. 6. 7. 6. 6. 4. 1. 6. 5. 4. 8. 0. 9. 9. 9.
 4. 9. 1. 2. 2. 7. 0. 3. 9. 8. 8. 4. 0. 8. 6. 1. 3. 7. 8. 2. 5. 5. 7. 7.
 1. 9. 5. 5. 1. 5. 7. 6. 0. 7. 7. 7. 6. 6. 9. 4. 0. 2. 9. 0. 1. 4. 8. 0.
 6. 9. 8. 0. 6. 1. 3. 6. 0. 4. 6. 1. 8. 6. 0. 1. 3. 9. 6. 6. 6. 9. 5. 8.
 7. 5. 7. 3. 4. 7. 5. 0. 9. 2. 2. 6. 9. 4. 1. 7. 3. 2. 5. 8.]
Classification Accuracy: 0.736
Train Samples: 600
Num Classes = 10
╒════════════════════════════════╤═══════════╤════════════════╤═════════╤═════════════╤════════════════╤═════════╤════════════════════════════════════════════════════╕
│ name                           │ class     │ transform      │ prior   │ trainable   │ shape          │ dtype   │ value                                              │
╞════════════════════════════════╪═══════════╪════════════════╪═════════╪═════════════╪════════════════╪═════════╪════════════════════════════════════════════════════╡
│ VGP.kernel.variance            │ Parameter │ Softplus       │         │ True        │ ()             │ float64 │ 1.0                                                │
├────────────────────────────────┼───────────┼────────────────┼─────────┼─────────────┼────────────────┼─────────┼────────────────────────────────────────────────────┤
│ VGP.kernel.lengthscales        │ Parameter │ Softplus       │         │ True        │ (784,)         │ float64 │ [1.00000000e-04, 1.00000000e-04, 1.00000000e-04... │
├────────────────────────────────┼───────────┼────────────────┼─────────┼─────────────┼────────────────┼─────────┼────────────────────────────────────────────────────┤
│ VGP.likelihood.invlink.epsilon │ Parameter │ Sigmoid        │ Beta    │ True        │ ()             │ float64 │ 0.0010000000000000005                              │
├────────────────────────────────┼───────────┼────────────────┼─────────┼─────────────┼────────────────┼─────────┼────────────────────────────────────────────────────┤
│ VGP.q_mu                       │ Parameter │ Identity       │         │ True        │ (600, 10)      │ float64 │ [[0., 0., 0....                                    │
├────────────────────────────────┼───────────┼────────────────┼─────────┼─────────────┼────────────────┼─────────┼────────────────────────────────────────────────────┤
│ VGP.q_sqrt                     │ Parameter │ FillTriangular │         │ True        │ (10, 600, 600) │ float64 │ [[[1., 0., 0....                                   │
╘════════════════════════════════╧═══════════╧════════════════╧═════════╧═════════════╧════════════════╧═════════╧════════════════════════════════════════════════════╛
╒════════════════════════════════╤═══════════╤════════════════╤═════════╤═════════════╤════════════════╤═════════╤═════════════════════════════════════════════════════════╕
│ name                           │ class     │ transform      │ prior   │ trainable   │ shape          │ dtype   │ value                                                   │
╞════════════════════════════════╪═══════════╪════════════════╪═════════╪═════════════╪════════════════╪═════════╪═════════════════════════════════════════════════════════╡
│ VGP.kernel.variance            │ Parameter │ Softplus       │         │ True        │ ()             │ float64 │ 1.0000000000024882                                      │
├────────────────────────────────┼───────────┼────────────────┼─────────┼─────────────┼────────────────┼─────────┼─────────────────────────────────────────────────────────┤
│ VGP.kernel.lengthscales        │ Parameter │ Softplus       │         │ True        │ (784,)         │ float64 │ [1.00000000e-04, 1.00000000e-04, 1.00000000e-04...      │
├────────────────────────────────┼───────────┼────────────────┼─────────┼─────────────┼────────────────┼─────────┼─────────────────────────────────────────────────────────┤
│ VGP.likelihood.invlink.epsilon │ Parameter │ Sigmoid        │ Beta    │ True        │ ()             │ float64 │ 0.8885540479495951                                      │
├────────────────────────────────┼───────────┼────────────────┼─────────┼─────────────┼────────────────┼─────────┼─────────────────────────────────────────────────────────┤
│ VGP.q_mu                       │ Parameter │ Identity       │         │ True        │ (600, 10)      │ float64 │ [[0.01920811, -0.00213423, -0.00213423...               │
├────────────────────────────────┼───────────┼────────────────┼─────────┼─────────────┼────────────────┼─────────┼─────────────────────────────────────────────────────────┤
│ VGP.q_sqrt                     │ Parameter │ FillTriangular │         │ True        │ (10, 600, 600) │ float64 │ [[[1.01052715e+000, 0.00000000e+000, 0.00000000e+000... │
╘════════════════════════════════╧═══════════╧════════════════╧═════════╧═════════════╧════════════════╧═════════╧═════════════════════════════════════════════════════════╛
tf.Tensor(
[3 9 0 5 9 9 7 9 3 2 0 7 1 5 0 9 8 1 7 4 0 7 1 7 5 4 9 1 5 5 8 9 0 0 2 6 7
 4 0 8 0 5 1 9 8 4 5 1 8 5 4 1 0 9 3 1 1 0 4 0 0 7 3 5 0 2 1 7 1 0 3 0 7 0
 8 7 9 4 7 2 5 0 4 4 1 1 7 1 5 0 6 1 5 1 7 0 9 0 9 2 6 3 5 3 4 0 3 7 1 2 0
 0 7 9 9 2 0 0 8 4 1 9 6 5 2 0 0 8 0 4 8 0 9 0 9 1 1 0 3 5 0 0 1 6 1 0 8 7
 1 3 8 1 5 2 4 5 6 1 8 6 4 5 1 0 6 7 0 0 0 1 9 1 0 5 3 7 7 1 0 1 6 4 3 1 9
 2 0 9 1 4 3 8 2 6 0 7 8 1 1 0 3 0 0 6 7 4 7 5 0 5 8 0 7 8 2 0 4 6 4 7 9 6
 4 9 1 0 8 7 1 0 6 8 0 0 8 0 1 8 3 4 7 7 4 2 6 1 2 9 4 4 8 0 8 7 0 8 0 3 2
 7 8 0 9 8 9 0 8 8 1 6 7 2 0 4 8 9 7 2 0 3 8 6 8 0 0 3 1 8 4 8 4 0 3 0 1 0
 0 2 5 8 2 7 0 0 3 6 1 9 3 1 0 7 4 1 0 0 6 8 1 3 0 5 3 6 5 0 0 9 4 1 1 8 9
 8 4 0 3 8 0 1 0 2 5 2 9 4 3 9 0 0 2 9 2 0 1 0 0 7 8 2 4 3 0 7 0 1 0 8 5 6
 5 0 2 0 9 6 1 8 7 4 1 6 6 2 9 0 1 0 3 5 2 9 2 7 6 7 6 6 4 1 6 5 4 6 0 1 9
 7 9 3 1 2 2 7 0 8 9 8 8 4 0 8 6 1 3 7 8 2 5 9 7 7 1 9 5 5 1 5 9 6 0 7 0 9
 6 0 9 4 0 3 9 0 1 4 8 0 6 9 8 0 6 1 3 5 0 4 6 1 8 6 0 1 3 1 6 6 0 9 5 8 7
 5 9 3 4 7 5 0 9 2 2 2 8 4 1 7 1 0 5 8], shape=(500,), dtype=int64)
[6. 9. 8. 5. 9. 9. 7. 9. 3. 2. 2. 7. 1. 5. 6. 9. 8. 2. 7. 4. 2. 7. 9. 9.
 5. 4. 7. 1. 5. 5. 8. 9. 0. 5. 2. 6. 7. 9. 5. 8. 0. 5. 1. 9. 8. 4. 5. 1.
 8. 3. 4. 1. 0. 4. 3. 9. 8. 0. 4. 3. 0. 7. 3. 8. 5. 2. 1. 7. 1. 0. 3. 4.
 7. 6. 8. 7. 9. 4. 9. 2. 5. 0. 4. 4. 1. 1. 7. 1. 0. 0. 6. 1. 5. 1. 7. 0.
 7. 6. 9. 2. 6. 8. 3. 2. 4. 0. 8. 9. 1. 2. 6. 0. 7. 9. 4. 2. 0. 2. 8. 4.
 1. 9. 6. 5. 2. 0. 3. 8. 0. 9. 8. 7. 9. 0. 4. 4. 1. 0. 3. 5. 2. 0. 1. 8.
 1. 0. 8. 5. 1. 2. 8. 1. 3. 2. 4. 5. 6. 1. 8. 6. 9. 3. 1. 3. 6. 7. 0. 2.
 0. 1. 9. 1. 4. 5. 3. 7. 7. 1. 6. 1. 6. 4. 7. 1. 7. 2. 0. 9. 9. 4. 3. 8.
 2. 6. 5. 7. 8. 1. 1. 7. 3. 0. 7. 6. 7. 4. 7. 5. 3. 5. 8. 7. 7. 3. 7. 2.
 9. 6. 9. 7. 4. 1. 4. 9. 1. 3. 8. 7. 1. 2. 6. 8. 0. 0. 8. 0. 1. 3. 2. 4.
 7. 7. 4. 2. 2. 1. 3. 4. 9. 9. 8. 0. 8. 7. 8. 8. 2. 3. 2. 7. 8. 6. 8. 8.
 9. 2. 8. 8. 1. 6. 7. 2. 0. 4. 5. 9. 7. 2. 2. 3. 8. 6. 3. 0. 4. 8. 1. 7.
 4. 8. 4. 3. 3. 0. 1. 7. 0. 2. 5. 8. 2. 7. 6. 9. 3. 6. 1. 9. 3. 1. 9. 7.
 4. 2. 0. 7. 6. 8. 1. 3. 0. 5. 3. 6. 5. 8. 9. 9. 4. 1. 3. 8. 9. 8. 4. 0.
 3. 6. 0. 0. 0. 2. 8. 2. 9. 6. 3. 9. 0. 0. 2. 7. 2. 9. 1. 2. 0. 9. 8. 2.
 9. 3. 0. 7. 0. 1. 0. 8. 5. 6. 5. 4. 2. 0. 9. 6. 1. 5. 7. 4. 1. 2. 6. 2.
 9. 0. 6. 5. 5. 5. 2. 9. 2. 7. 6. 7. 6. 6. 4. 1. 6. 5. 4. 8. 0. 9. 9. 9.
 4. 9. 1. 2. 2. 7. 0. 3. 9. 8. 8. 4. 0. 8. 6. 1. 3. 7. 8. 2. 5. 5. 7. 7.
 1. 9. 5. 5. 1. 5. 7. 6. 0. 7. 7. 7. 6. 6. 9. 4. 0. 2. 9. 0. 1. 4. 8. 0.
 6. 9. 8. 0. 6. 1. 3. 6. 0. 4. 6. 1. 8. 6. 0. 1. 3. 9. 6. 6. 6. 9. 5. 8.
 7. 5. 7. 3. 4. 7. 5. 0. 9. 2. 2. 6. 9. 4. 1. 7. 3. 2. 5. 8.]
Classification Accuracy: 0.742
Train Samples: 800
Num Classes = 10
╒════════════════════════════════╤═══════════╤════════════════╤═════════╤═════════════╤════════════════╤═════════╤════════════════════════════════════════════════════╕
│ name                           │ class     │ transform      │ prior   │ trainable   │ shape          │ dtype   │ value                                              │
╞════════════════════════════════╪═══════════╪════════════════╪═════════╪═════════════╪════════════════╪═════════╪════════════════════════════════════════════════════╡
│ VGP.kernel.variance            │ Parameter │ Softplus       │         │ True        │ ()             │ float64 │ 1.0                                                │
├────────────────────────────────┼───────────┼────────────────┼─────────┼─────────────┼────────────────┼─────────┼────────────────────────────────────────────────────┤
│ VGP.kernel.lengthscales        │ Parameter │ Softplus       │         │ True        │ (784,)         │ float64 │ [1.00000000e-04, 1.00000000e-04, 1.00000000e-04... │
├────────────────────────────────┼───────────┼────────────────┼─────────┼─────────────┼────────────────┼─────────┼────────────────────────────────────────────────────┤
│ VGP.likelihood.invlink.epsilon │ Parameter │ Sigmoid        │ Beta    │ True        │ ()             │ float64 │ 0.0010000000000000005                              │
├────────────────────────────────┼───────────┼────────────────┼─────────┼─────────────┼────────────────┼─────────┼────────────────────────────────────────────────────┤
│ VGP.q_mu                       │ Parameter │ Identity       │         │ True        │ (800, 10)      │ float64 │ [[0., 0., 0....                                    │
├────────────────────────────────┼───────────┼────────────────┼─────────┼─────────────┼────────────────┼─────────┼────────────────────────────────────────────────────┤
│ VGP.q_sqrt                     │ Parameter │ FillTriangular │         │ True        │ (10, 800, 800) │ float64 │ [[[1., 0., 0....                                   │
╘════════════════════════════════╧═══════════╧════════════════╧═════════╧═════════════╧════════════════╧═════════╧════════════════════════════════════════════════════╛
╒════════════════════════════════╤═══════════╤════════════════╤═════════╤═════════════╤════════════════╤═════════╤═════════════════════════════════════════════════════════╕
│ name                           │ class     │ transform      │ prior   │ trainable   │ shape          │ dtype   │ value                                                   │
╞════════════════════════════════╪═══════════╪════════════════╪═════════╪═════════════╪════════════════╪═════════╪═════════════════════════════════════════════════════════╡
│ VGP.kernel.variance            │ Parameter │ Softplus       │         │ True        │ ()             │ float64 │ 1.0000000000036255                                      │
├────────────────────────────────┼───────────┼────────────────┼─────────┼─────────────┼────────────────┼─────────┼─────────────────────────────────────────────────────────┤
│ VGP.kernel.lengthscales        │ Parameter │ Softplus       │         │ True        │ (784,)         │ float64 │ [1.00000000e-04, 1.00000000e-04, 1.00000000e-04...      │
├────────────────────────────────┼───────────┼────────────────┼─────────┼─────────────┼────────────────┼─────────┼─────────────────────────────────────────────────────────┤
│ VGP.likelihood.invlink.epsilon │ Parameter │ Sigmoid        │ Beta    │ True        │ ()             │ float64 │ 0.8913604176678447                                      │
├────────────────────────────────┼───────────┼────────────────┼─────────┼─────────────┼────────────────┼─────────┼─────────────────────────────────────────────────────────┤
│ VGP.q_mu                       │ Parameter │ Identity       │         │ True        │ (800, 10)      │ float64 │ [[-0.00161735, -0.00161735, -0.00161735...              │
├────────────────────────────────┼───────────┼────────────────┼─────────┼─────────────┼────────────────┼─────────┼─────────────────────────────────────────────────────────┤
│ VGP.q_sqrt                     │ Parameter │ FillTriangular │         │ True        │ (10, 800, 800) │ float64 │ [[[9.99063098e-001, 0.00000000e+000, 0.00000000e+000... │
╘════════════════════════════════╧═══════════╧════════════════╧═════════╧═════════════╧════════════════╧═════════╧═════════════════════════════════════════════════════════╛
tf.Tensor(
[2 9 0 5 9 9 7 9 3 2 0 7 1 5 0 9 8 1 7 4 0 9 0 9 5 4 9 1 5 5 8 4 0 3 2 6 7
 9 8 3 0 5 1 9 8 4 5 1 8 3 4 1 0 0 3 1 2 0 9 0 0 7 8 5 0 2 1 7 1 0 3 0 7 0
 8 7 9 4 7 2 0 0 8 4 1 1 7 1 3 0 6 1 6 1 7 0 7 0 9 2 6 0 3 3 4 0 5 9 1 2 0
 0 7 0 4 2 0 2 8 4 1 9 6 5 2 0 0 8 0 9 8 7 9 0 4 1 1 0 3 5 2 0 1 0 1 0 8 9
 1 2 8 1 3 2 4 5 6 1 8 6 9 3 1 0 6 7 0 2 0 1 9 1 0 5 3 7 7 1 0 1 0 4 7 1 9
 3 0 9 7 4 3 8 2 6 5 7 8 1 1 0 3 0 0 6 7 4 7 5 0 5 8 0 7 2 0 0 9 6 9 7 0 6
 4 9 1 0 8 7 1 0 6 9 0 0 1 0 1 3 2 4 1 7 4 8 2 1 2 9 9 9 9 0 2 7 0 8 2 3 2
 7 8 0 8 8 9 2 8 5 1 6 7 2 0 4 3 9 7 2 2 3 8 6 3 0 0 8 1 1 4 6 4 0 3 0 1 0
 0 2 5 8 2 2 6 0 3 0 1 9 3 1 0 9 4 1 0 9 6 3 1 3 0 5 3 6 5 0 9 9 4 1 5 3 9
 8 4 0 3 8 0 1 0 2 5 2 7 6 3 9 0 0 2 7 2 0 1 3 0 9 8 2 9 3 0 7 0 1 0 8 8 6
 0 0 2 0 9 6 1 5 4 4 1 6 6 2 9 0 4 0 3 5 2 9 2 7 6 7 6 6 4 1 6 0 4 4 3 5 9
 9 9 9 1 2 2 7 0 8 9 9 8 4 0 0 6 1 3 7 8 3 5 9 7 7 1 9 8 5 1 8 7 6 0 9 0 9
 6 6 9 9 0 2 4 0 1 7 8 0 6 9 8 0 6 1 3 5 0 4 6 1 8 6 0 1 3 9 6 6 6 9 5 8 7
 0 7 3 4 7 5 0 4 2 2 5 4 4 1 9 1 2 3 8], shape=(500,), dtype=int64)
[6. 9. 8. 5. 9. 9. 7. 9. 3. 2. 2. 7. 1. 5. 6. 9. 8. 2. 7. 4. 2. 7. 9. 9.
 5. 4. 7. 1. 5. 5. 8. 9. 0. 5. 2. 6. 7. 9. 5. 8. 0. 5. 1. 9. 8. 4. 5. 1.
 8. 3. 4. 1. 0. 4. 3. 9. 8. 0. 4. 3. 0. 7. 3. 8. 5. 2. 1. 7. 1. 0. 3. 4.
 7. 6. 8. 7. 9. 4. 9. 2. 5. 0. 4. 4. 1. 1. 7. 1. 0. 0. 6. 1. 5. 1. 7. 0.
 7. 6. 9. 2. 6. 8. 3. 2. 4. 0. 8. 9. 1. 2. 6. 0. 7. 9. 4. 2. 0. 2. 8. 4.
 1. 9. 6. 5. 2. 0. 3. 8. 0. 9. 8. 7. 9. 0. 4. 4. 1. 0. 3. 5. 2. 0. 1. 8.
 1. 0. 8. 5. 1. 2. 8. 1. 3. 2. 4. 5. 6. 1. 8. 6. 9. 3. 1. 3. 6. 7. 0. 2.
 0. 1. 9. 1. 4. 5. 3. 7. 7. 1. 6. 1. 6. 4. 7. 1. 7. 2. 0. 9. 9. 4. 3. 8.
 2. 6. 5. 7. 8. 1. 1. 7. 3. 0. 7. 6. 7. 4. 7. 5. 3. 5. 8. 7. 7. 3. 7. 2.
 9. 6. 9. 7. 4. 1. 4. 9. 1. 3. 8. 7. 1. 2. 6. 8. 0. 0. 8. 0. 1. 3. 2. 4.
 7. 7. 4. 2. 2. 1. 3. 4. 9. 9. 8. 0. 8. 7. 8. 8. 2. 3. 2. 7. 8. 6. 8. 8.
 9. 2. 8. 8. 1. 6. 7. 2. 0. 4. 5. 9. 7. 2. 2. 3. 8. 6. 3. 0. 4. 8. 1. 7.
 4. 8. 4. 3. 3. 0. 1. 7. 0. 2. 5. 8. 2. 7. 6. 9. 3. 6. 1. 9. 3. 1. 9. 7.
 4. 2. 0. 7. 6. 8. 1. 3. 0. 5. 3. 6. 5. 8. 9. 9. 4. 1. 3. 8. 9. 8. 4. 0.
 3. 6. 0. 0. 0. 2. 8. 2. 9. 6. 3. 9. 0. 0. 2. 7. 2. 9. 1. 2. 0. 9. 8. 2.
 9. 3. 0. 7. 0. 1. 0. 8. 5. 6. 5. 4. 2. 0. 9. 6. 1. 5. 7. 4. 1. 2. 6. 2.
 9. 0. 6. 5. 5. 5. 2. 9. 2. 7. 6. 7. 6. 6. 4. 1. 6. 5. 4. 8. 0. 9. 9. 9.
 4. 9. 1. 2. 2. 7. 0. 3. 9. 8. 8. 4. 0. 8. 6. 1. 3. 7. 8. 2. 5. 5. 7. 7.
 1. 9. 5. 5. 1. 5. 7. 6. 0. 7. 7. 7. 6. 6. 9. 4. 0. 2. 9. 0. 1. 4. 8. 0.
 6. 9. 8. 0. 6. 1. 3. 6. 0. 4. 6. 1. 8. 6. 0. 1. 3. 9. 6. 6. 6. 9. 5. 8.
 7. 5. 7. 3. 4. 7. 5. 0. 9. 2. 2. 6. 9. 4. 1. 7. 3. 2. 5. 8.]
Classification Accuracy: 0.752
Train Samples: 1000
Num Classes = 10
╒════════════════════════════════╤═══════════╤════════════════╤═════════╤═════════════╤══════════════════╤═════════╤════════════════════════════════════════════════════╕
│ name                           │ class     │ transform      │ prior   │ trainable   │ shape            │ dtype   │ value                                              │
╞════════════════════════════════╪═══════════╪════════════════╪═════════╪═════════════╪══════════════════╪═════════╪════════════════════════════════════════════════════╡
│ VGP.kernel.variance            │ Parameter │ Softplus       │         │ True        │ ()               │ float64 │ 1.0                                                │
├────────────────────────────────┼───────────┼────────────────┼─────────┼─────────────┼──────────────────┼─────────┼────────────────────────────────────────────────────┤
│ VGP.kernel.lengthscales        │ Parameter │ Softplus       │         │ True        │ (784,)           │ float64 │ [1.00000000e-04, 1.00000000e-04, 1.00000000e-04... │
├────────────────────────────────┼───────────┼────────────────┼─────────┼─────────────┼──────────────────┼─────────┼────────────────────────────────────────────────────┤
│ VGP.likelihood.invlink.epsilon │ Parameter │ Sigmoid        │ Beta    │ True        │ ()               │ float64 │ 0.0010000000000000005                              │
├────────────────────────────────┼───────────┼────────────────┼─────────┼─────────────┼──────────────────┼─────────┼────────────────────────────────────────────────────┤
│ VGP.q_mu                       │ Parameter │ Identity       │         │ True        │ (1000, 10)       │ float64 │ [[0., 0., 0....                                    │
├────────────────────────────────┼───────────┼────────────────┼─────────┼─────────────┼──────────────────┼─────────┼────────────────────────────────────────────────────┤
│ VGP.q_sqrt                     │ Parameter │ FillTriangular │         │ True        │ (10, 1000, 1000) │ float64 │ [[[1., 0., 0....                                   │
╘════════════════════════════════╧═══════════╧════════════════╧═════════╧═════════════╧══════════════════╧═════════╧════════════════════════════════════════════════════╛
╒════════════════════════════════╤═══════════╤════════════════╤═════════╤═════════════╤══════════════════╤═════════╤═════════════════════════════════════════════════════════╕
│ name                           │ class     │ transform      │ prior   │ trainable   │ shape            │ dtype   │ value                                                   │
╞════════════════════════════════╪═══════════╪════════════════╪═════════╪═════════════╪══════════════════╪═════════╪═════════════════════════════════════════════════════════╡
│ VGP.kernel.variance            │ Parameter │ Softplus       │         │ True        │ ()               │ float64 │ 1.0000000000019975                                      │
├────────────────────────────────┼───────────┼────────────────┼─────────┼─────────────┼──────────────────┼─────────┼─────────────────────────────────────────────────────────┤
│ VGP.kernel.lengthscales        │ Parameter │ Softplus       │         │ True        │ (784,)           │ float64 │ [1.00000000e-04, 1.00000000e-04, 1.00000000e-04...      │
├────────────────────────────────┼───────────┼────────────────┼─────────┼─────────────┼──────────────────┼─────────┼─────────────────────────────────────────────────────────┤
│ VGP.likelihood.invlink.epsilon │ Parameter │ Sigmoid        │ Beta    │ True        │ ()               │ float64 │ 0.8930593202966809                                      │
├────────────────────────────────┼───────────┼────────────────┼─────────┼─────────────┼──────────────────┼─────────┼─────────────────────────────────────────────────────────┤
│ VGP.q_mu                       │ Parameter │ Identity       │         │ True        │ (1000, 10)       │ float64 │ [[-0.00130318, -0.00130318, -0.00130318...              │
├────────────────────────────────┼───────────┼────────────────┼─────────┼─────────────┼──────────────────┼─────────┼─────────────────────────────────────────────────────────┤
│ VGP.q_sqrt                     │ Parameter │ FillTriangular │         │ True        │ (10, 1000, 1000) │ float64 │ [[[9.99247766e-001, 0.00000000e+000, 0.00000000e+000... │
╘════════════════════════════════╧═══════════╧════════════════╧═════════╧═════════════╧══════════════════╧═════════╧═════════════════════════════════════════════════════════╛
tf.Tensor(
[3 7 0 5 9 7 7 9 3 2 0 7 1 5 0 9 8 2 7 4 0 7 1 9 5 4 7 1 5 5 8 9 0 5 3 6 7
 9 2 8 0 5 1 9 8 4 5 1 3 3 7 1 0 4 3 1 2 0 4 3 0 7 3 8 0 2 1 7 1 0 3 0 7 6
 8 7 7 4 7 2 0 0 4 4 1 1 7 1 5 0 6 1 3 1 7 0 7 6 9 2 6 5 3 3 4 0 5 9 1 2 6
 0 7 0 4 2 0 2 8 4 1 9 0 5 2 0 0 8 0 9 8 7 9 0 9 1 1 0 3 5 2 0 1 0 1 0 8 9
 1 2 2 1 3 2 4 1 6 1 8 6 9 3 1 8 6 7 0 2 0 1 9 1 0 5 7 7 7 1 0 1 5 4 7 1 7
 3 0 7 4 4 3 8 3 6 0 9 8 1 1 0 3 0 0 6 7 4 7 5 0 5 8 7 7 3 7 2 4 6 8 7 4 6
 4 9 1 0 8 9 1 0 6 8 0 0 8 0 1 5 2 4 1 7 4 2 2 1 3 4 9 9 9 0 8 7 5 8 2 8 2
 7 8 0 8 8 9 2 8 8 1 6 7 2 0 4 4 9 7 2 2 3 8 6 3 0 4 3 1 1 4 8 4 3 3 0 1 0
 0 2 5 8 2 7 0 0 3 0 1 4 3 1 0 9 4 1 0 0 6 8 1 3 0 6 3 6 5 3 9 9 4 1 3 3 9
 8 4 0 3 5 0 1 0 2 8 2 9 6 3 9 0 0 2 7 2 0 1 3 0 7 8 2 9 3 0 7 0 1 0 8 5 6
 0 0 2 0 7 6 1 5 7 4 1 6 6 3 9 0 1 0 3 5 2 9 2 7 6 7 6 6 4 1 6 0 4 4 0 1 9
 9 4 9 1 2 2 7 0 3 9 8 8 4 0 8 6 1 3 7 8 3 5 7 7 7 1 9 5 5 1 4 9 6 0 7 0 7
 6 0 9 4 0 8 9 0 1 4 8 5 6 9 8 0 5 1 3 5 0 4 6 1 8 6 0 1 3 9 4 6 0 9 5 8 7
 9 7 3 4 7 5 0 9 2 2 6 9 4 1 7 1 2 8 3], shape=(500,), dtype=int64)
[6. 9. 8. 5. 9. 9. 7. 9. 3. 2. 2. 7. 1. 5. 6. 9. 8. 2. 7. 4. 2. 7. 9. 9.
 5. 4. 7. 1. 5. 5. 8. 9. 0. 5. 2. 6. 7. 9. 5. 8. 0. 5. 1. 9. 8. 4. 5. 1.
 8. 3. 4. 1. 0. 4. 3. 9. 8. 0. 4. 3. 0. 7. 3. 8. 5. 2. 1. 7. 1. 0. 3. 4.
 7. 6. 8. 7. 9. 4. 9. 2. 5. 0. 4. 4. 1. 1. 7. 1. 0. 0. 6. 1. 5. 1. 7. 0.
 7. 6. 9. 2. 6. 8. 3. 2. 4. 0. 8. 9. 1. 2. 6. 0. 7. 9. 4. 2. 0. 2. 8. 4.
 1. 9. 6. 5. 2. 0. 3. 8. 0. 9. 8. 7. 9. 0. 4. 4. 1. 0. 3. 5. 2. 0. 1. 8.
 1. 0. 8. 5. 1. 2. 8. 1. 3. 2. 4. 5. 6. 1. 8. 6. 9. 3. 1. 3. 6. 7. 0. 2.
 0. 1. 9. 1. 4. 5. 3. 7. 7. 1. 6. 1. 6. 4. 7. 1. 7. 2. 0. 9. 9. 4. 3. 8.
 2. 6. 5. 7. 8. 1. 1. 7. 3. 0. 7. 6. 7. 4. 7. 5. 3. 5. 8. 7. 7. 3. 7. 2.
 9. 6. 9. 7. 4. 1. 4. 9. 1. 3. 8. 7. 1. 2. 6. 8. 0. 0. 8. 0. 1. 3. 2. 4.
 7. 7. 4. 2. 2. 1. 3. 4. 9. 9. 8. 0. 8. 7. 8. 8. 2. 3. 2. 7. 8. 6. 8. 8.
 9. 2. 8. 8. 1. 6. 7. 2. 0. 4. 5. 9. 7. 2. 2. 3. 8. 6. 3. 0. 4. 8. 1. 7.
 4. 8. 4. 3. 3. 0. 1. 7. 0. 2. 5. 8. 2. 7. 6. 9. 3. 6. 1. 9. 3. 1. 9. 7.
 4. 2. 0. 7. 6. 8. 1. 3. 0. 5. 3. 6. 5. 8. 9. 9. 4. 1. 3. 8. 9. 8. 4. 0.
 3. 6. 0. 0. 0. 2. 8. 2. 9. 6. 3. 9. 0. 0. 2. 7. 2. 9. 1. 2. 0. 9. 8. 2.
 9. 3. 0. 7. 0. 1. 0. 8. 5. 6. 5. 4. 2. 0. 9. 6. 1. 5. 7. 4. 1. 2. 6. 2.
 9. 0. 6. 5. 5. 5. 2. 9. 2. 7. 6. 7. 6. 6. 4. 1. 6. 5. 4. 8. 0. 9. 9. 9.
 4. 9. 1. 2. 2. 7. 0. 3. 9. 8. 8. 4. 0. 8. 6. 1. 3. 7. 8. 2. 5. 5. 7. 7.
 1. 9. 5. 5. 1. 5. 7. 6. 0. 7. 7. 7. 6. 6. 9. 4. 0. 2. 9. 0. 1. 4. 8. 0.
 6. 9. 8. 0. 6. 1. 3. 6. 0. 4. 6. 1. 8. 6. 0. 1. 3. 9. 6. 6. 6. 9. 5. 8.
 7. 5. 7. 3. 4. 7. 5. 0. 9. 2. 2. 6. 9. 4. 1. 7. 3. 2. 5. 8.]
Classification Accuracy: 0.788
